image_width: 640
image_height: 360
camera_name: camera
camera_matrix:
  rows: 3
  cols: 3
  data: [488.124599, 0.000000, 328.591703, 0.000000, 486.520337, 153.780179, 0.000000, 0.000000, 1.000000]
distortion_model: plumb_bob
distortion_coefficients:
  rows: 1
  cols: 5
  data: [-0.014347, -0.016532, -0.009118, -0.001192, 0.000000]
rectification_matrix:
  rows: 3
  cols: 3
  data: [1.000000, 0.000000, 0.000000, 0.000000, 1.000000, 0.000000, 0.000000, 0.000000, 1.000000]
projection_matrix:
  rows: 3
  cols: 4
  data: [484.919373, 0.000000, 327.999091, 0.000000, 0.000000, 484.442078, 151.541389, 0.000000, 0.000000, 0.000000, 1.000000, 0.000000]