image_width: 640
image_height: 360
camera_name: camera
camera_matrix:
  rows: 3
  cols: 3
  data: [471.590912, 0.000000, 320.861968, 0.000000, 476.067331, 187.300095, 0.000000, 0.000000,1.000000]
distortion_model: plumb_bob
distortion_coefficients:
  rows: 1
  cols: 5
  data: [0.002174, -0.052660, 0.002991, 0.001911, 0.000000]
rectification_matrix:
  rows: 3
  cols: 3
  data: [1.000000, 0.000000, 0.000000,0.000000, 1.000000, 0.000000, 0.000000, 0.000000, 1.000000]
projection_matrix:
  rows: 3
  cols: 4
  data: [466.635071, 0.000000, 322.241565, 0.000000, 0.000000, 475.661530, 187.986235, 0.000000, 0.000000, 0.000000, 1.000000, 0.000000]

