image_width: 640
image_height: 360
camera_name: camera_amy
camera_matrix:
  rows: 3
  cols: 3
  data: [475.225100, 0.000000, 322.862838, 0.000000, 478.700781, 174.340100, 0.000000, 0.000000, 1.000000]
distortion_model: plumb_bob
distortion_coefficients:
  rows: 1
  cols: 5
  data: [0.000388, -0.039948, 0.001340, 0.006046, 0.000000]
rectification_matrix:
  rows: 3
  cols: 3
  data: [1.000000, 0.000000, 0.000000, 0.000000, 1.000000, 0.000000, 0.000000, 0.000000, 1.000000]
projection_matrix:
  rows: 3
  cols: 4
  data: [470.998474, 0.000000, 327.080661, 0.000000, 0.000000, 479.502167, 174.650992, 0.000000, 0.000000, 0.000000, 1.000000, 0.000000]
