image_width: 640
image_height: 360
camera_name: camera
camera_matrix:
  rows: 3
  cols: 3
  data: [469.4597835351117, 0, 320.4332671318602, 0, 473.8156420019831, 171.2573520251069, 0, 0, 1]
distortion_model: plumb_bob
distortion_coefficients:
  rows: 1
  cols: 5
  data: [0.005889697054614998, -0.05548799901163445, -0.002155984786156375, 0.002666227520081084, 0]
rectification_matrix:
  rows: 3
  cols: 3
  data: [1, 0, 0, 0, 1, 0, 0, 0, 1]
projection_matrix:
  rows: 3
  cols: 4
  data: [464.9083251953125, 0, 322.3250471198699, 0, 0, 473.8067016601562, 170.7514164581626, 0, 0, 0, 1, 0]